#Stockholm
1={
	position={
		3085.000 1723.000 3086.000 1730.000 3084.500 1729.000 3095.000 1724.500 3082.000 1730.000 3080.000 1736.000 0.000 0.000 
	}
	rotation={
		0.000 0.000 0.087 -0.698 0.000 0.000 0.000 
	}
	height={
		0.000 0.000 1.000 0.000 0.000 0.000 0.000 
	}
}
#Kentahke (Louisville)
940={
	position={
	1460.000 1504.000 1456.000 1496.000 1491.000 1508.000 1496.000 1513.000 1491.000 1508.000 1450.000 1495.000 0.000 0.000 
	}
	rotation={
		0.000 0.000 0.000 0.000 0.000 0.000 0.000 
	}
	height={
		0.000 0.000 1.000 0.000 0.000 0.000 0.000 
	}
}
